%% INDEXING MATRICES FOR EFFICIENT STORAGE AND EINSTEIN SUMMATION
% IND_K4 = Indexing into the symmetric parts of the elastic tangent moduli
% IND    = Indexing into the 4th-order tensor in the form (1,1,i,j), (2,1,i,j), and so on
% IND_G  = Indexing into the symmetric part of the Green operator in the Fourier space
IND_K4 = [1, 1, 1, 1;  1, 1, 1, 2;  1, 1, 1, 3;  1, 1, 2, 1;  1, 1, 2, 2;  % 1  --> 5
          1, 1, 2, 3;  1, 1, 3, 1;  1, 1, 3, 2;  1, 1, 3, 3;  1, 2, 1, 2;  % 6  --> 10
          1, 2, 1, 3;  1, 2, 2, 1;  1, 2, 2, 2;  1, 2, 2, 3;  1, 2, 3, 1;  % 11 --> 15
          1, 2, 3, 2;  1, 2, 3, 3;  1, 3, 1, 3;  1, 3, 2, 1;  1, 3, 2, 2;  % 16 --> 20
          1, 3, 2, 3;  1, 3, 3, 1;  1, 3, 3, 2;  1, 3, 3, 3;  2, 1, 2, 1;  % 21 --> 25
          2, 1, 2, 2;  2, 1, 2, 3;  2, 1, 3, 1;  2, 1, 3, 2;  2, 1, 3, 3;  % 26 --> 30
          2, 2, 2, 2;  2, 2, 2, 3;  2, 2, 3, 1;  2, 2, 3, 2;  2, 2, 3, 3;  % 31 --> 35
          2, 3, 2, 3;  2, 3, 3, 1;  2, 3, 3, 2;  2, 3, 3, 3;  3, 1, 3, 1;  % 36 --> 40
          3, 1, 3, 2;  3, 1, 3, 3;  3, 2, 3, 2;  3, 2, 3, 3;  3, 3, 3, 3]; % 41 --> 45
IND = [1,  4,  7,  2,  5,  8,  3,  6,  9;   % (1,1,i,j) 
       4, 25, 28, 12, 26, 29, 19, 27, 30;   % (2,1,i,j)
       7, 28, 40, 15, 33, 41, 22, 37, 42;   % (3,1,i,j)
       2, 12, 15, 10, 13, 16, 11, 14, 17;   % (1,2,i,j)
       5, 26, 33, 13, 31, 34, 20, 32, 35;   % (2,2,i,j)
       8, 29, 41, 16, 34, 43, 23, 38, 44;   % (3,2,i,j)
       3, 19, 22, 11, 20, 23, 18, 21, 24;   % (1,3,i,j)
       6, 27, 37, 14, 32, 38, 21, 36, 39;   % (2,3,i,j)
       9, 30, 42, 17, 35, 44, 24, 39, 45];  % (3,3,i,j)
IND_G = [1  1; 1  2; 1  3; 2  2; 2  3; 3  3];
